$ Propellant tank pressures for skin elements.
PLOAD4  1       85      -344738.
PLOAD4  1       86      -344738.
PLOAD4  1       87      -344738.
PLOAD4  1       88      -344738.
PLOAD4  1       89      -344738.
PLOAD4  1       90      -344738.
PLOAD4  1       91      -344738.
PLOAD4  1       92      -344738.
PLOAD4  1       93      -344738.
PLOAD4  1       94      -344738.
PLOAD4  1       95      -344738.
PLOAD4  1       96      -344738.
PLOAD4  1       97      -344738.
PLOAD4  1       98      -344738.
PLOAD4  1       99      -344738.
PLOAD4  1       100     -344738.
PLOAD4  1       101     -344738.
PLOAD4  1       102     -344738.
PLOAD4  1       103     -344738.
PLOAD4  1       104     -344738.
PLOAD4  1       105     -344738.
PLOAD4  1       106     -344738.
PLOAD4  1       107     -344738.
PLOAD4  1       108     -344738.
PLOAD4  1       109     -344738.
PLOAD4  1       110     -344738.
PLOAD4  1       111     -344738.
PLOAD4  1       112     -344738.
PLOAD4  1       113     -344738.
PLOAD4  1       114     -344738.
PLOAD4  1       115     -344738.
PLOAD4  1       116     -344738.
PLOAD4  1       117     -344738.
PLOAD4  1       118     -344738.
PLOAD4  1       119     -344738.
PLOAD4  1       120     -344738.
PLOAD4  1       121     -344738.
PLOAD4  1       122     -344738.
PLOAD4  1       123     -344738.
PLOAD4  1       124     -344738.
PLOAD4  1       125     -344738.
PLOAD4  1       126     -344738.
PLOAD4  1       127     -344738.
PLOAD4  1       128     -344738.
PLOAD4  1       129     -344738.
PLOAD4  1       130     -344738.
PLOAD4  1       131     -344738.
PLOAD4  1       132     -344738.
PLOAD4  1       133     -344738.
PLOAD4  1       134     -344738.
PLOAD4  1       135     -344738.
PLOAD4  1       136     -344738.
PLOAD4  1       137     -344738.
PLOAD4  1       138     -344738.
PLOAD4  1       139     -344738.
PLOAD4  1       140     -344738.
PLOAD4  1       141     -344738.
PLOAD4  1       142     -344738.
PLOAD4  1       143     -344738.
PLOAD4  1       144     -344738.
PLOAD4  1       145     -344738.
PLOAD4  1       146     -344738.
PLOAD4  1       147     -344738.
PLOAD4  1       148     -344738.
PLOAD4  1       149     -344738.
PLOAD4  1       150     -344738.
PLOAD4  1       151     -344738.
PLOAD4  1       152     -344738.
PLOAD4  1       153     -344738.
PLOAD4  1       154     -344738.
PLOAD4  1       155     -344738.
PLOAD4  1       156     -344738.
PLOAD4  1       157     -344738.
PLOAD4  1       158     -344738.
PLOAD4  1       159     -344738.
PLOAD4  1       160     -344738.
PLOAD4  1       161     -344738.
PLOAD4  1       162     -344738.
PLOAD4  1       163     -344738.
PLOAD4  1       164     -344738.
PLOAD4  1       165     -344738.
PLOAD4  1       166     -344738.
PLOAD4  1       167     -344738.
PLOAD4  1       168     -344738.
PLOAD4  1       169     -344738.
PLOAD4  1       170     -344738.
PLOAD4  1       171     -344738.
PLOAD4  1       172     -344738.
PLOAD4  1       173     -344738.
PLOAD4  1       174     -344738.
PLOAD4  1       175     -344738.
PLOAD4  1       176     -344738.
PLOAD4  1       177     -344738.
PLOAD4  1       178     -344738.
PLOAD4  1       179     -344738.
PLOAD4  1       180     -344738.
PLOAD4  1       181     -344738.
PLOAD4  1       182     -344738.
PLOAD4  1       183     -344738.
PLOAD4  1       184     -344738.
PLOAD4  1       185     -344738.
PLOAD4  1       186     -344738.
PLOAD4  1       187     -344738.
PLOAD4  1       188     -344738.
PLOAD4  1       189     -344738.
PLOAD4  1       190     -344738.
PLOAD4  1       191     -344738.
PLOAD4  1       192     -344738.
PLOAD4  1       193     -344738.
PLOAD4  1       194     -344738.
PLOAD4  1       195     -344738.
PLOAD4  1       196     -344738.
PLOAD4  1       197     -344738.
PLOAD4  1       198     -344738.
PLOAD4  1       199     -344738.
PLOAD4  1       200     -344738.
PLOAD4  1       201     -344738.
PLOAD4  1       202     -344738.
PLOAD4  1       203     -344738.
PLOAD4  1       204     -344738.
PLOAD4  1       205     -344738.
PLOAD4  1       206     -344738.
PLOAD4  1       207     -344738.
PLOAD4  1       208     -344738.
PLOAD4  1       209     -344738.
PLOAD4  1       210     -344738.
PLOAD4  1       211     -344738.
PLOAD4  1       212     -344738.
PLOAD4  1       213     -344738.
PLOAD4  1       214     -344738.
PLOAD4  1       215     -344738.
PLOAD4  1       216     -344738.
PLOAD4  1       217     -344738.
PLOAD4  1       218     -344738.
PLOAD4  1       219     -344738.
PLOAD4  1       220     -344738.
PLOAD4  1       221     -344738.
PLOAD4  1       222     -344738.
PLOAD4  1       223     -344738.
PLOAD4  1       224     -344738.
PLOAD4  1       429     -344738.
PLOAD4  1       430     -344738.
PLOAD4  1       431     -344738.
PLOAD4  1       432     -344738.
PLOAD4  1       433     -344738.
PLOAD4  1       434     -344738.
PLOAD4  1       435     -344738.
PLOAD4  1       436     -344738.
PLOAD4  1       437     -344738.
PLOAD4  1       438     -344738.
PLOAD4  1       439     -344738.
PLOAD4  1       440     -344738.
PLOAD4  1       441     -344738.
PLOAD4  1       442     -344738.
PLOAD4  1       443     -344738.
PLOAD4  1       444     -344738.
PLOAD4  1       445     -344738.
PLOAD4  1       446     -344738.
PLOAD4  1       447     -344738.
PLOAD4  1       448     -344738.
PLOAD4  1       449     -344738.
PLOAD4  1       450     -344738.
PLOAD4  1       451     -344738.
PLOAD4  1       452     -344738.
PLOAD4  1       453     -344738.
PLOAD4  1       454     -344738.
PLOAD4  1       455     -344738.
PLOAD4  1       456     -344738.
PLOAD4  1       457     -344738.
PLOAD4  1       458     -344738.
PLOAD4  1       459     -344738.
PLOAD4  1       460     -344738.
PLOAD4  1       461     -344738.
PLOAD4  1       462     -344738.
PLOAD4  1       463     -344738.
PLOAD4  1       464     -344738.
PLOAD4  1       465     -344738.
PLOAD4  1       466     -344738.
PLOAD4  1       467     -344738.
PLOAD4  1       468     -344738.
PLOAD4  1       469     -344738.
PLOAD4  1       470     -344738.
PLOAD4  1       471     -344738.
PLOAD4  1       472     -344738.
PLOAD4  1       473     -344738.
PLOAD4  1       474     -344738.
PLOAD4  1       475     -344738.
PLOAD4  1       476     -344738.
PLOAD4  1       477     -344738.
PLOAD4  1       478     -344738.
PLOAD4  1       479     -344738.
PLOAD4  1       480     -344738.
PLOAD4  1       481     -344738.
PLOAD4  1       482     -344738.
PLOAD4  1       483     -344738.
PLOAD4  1       484     -344738.
PLOAD4  1       485     -344738.
PLOAD4  1       486     -344738.
PLOAD4  1       487     -344738.
PLOAD4  1       488     -344738.
PLOAD4  1       489     -344738.
PLOAD4  1       490     -344738.
PLOAD4  1       491     -344738.
PLOAD4  1       492     -344738.
PLOAD4  1       493     -344738.
PLOAD4  1       494     -344738.
PLOAD4  1       495     -344738.
PLOAD4  1       496     -344738.
PLOAD4  1       497     -344738.
PLOAD4  1       498     -344738.
PLOAD4  1       499     -344738.
PLOAD4  1       500     -344738.
PLOAD4  1       501     -344738.
PLOAD4  1       502     -344738.
PLOAD4  1       503     -344738.
PLOAD4  1       504     -344738.
PLOAD4  1       505     -344738.
PLOAD4  1       506     -344738.
PLOAD4  1       507     -344738.
PLOAD4  1       508     -344738.
PLOAD4  1       509     -344738.
PLOAD4  1       510     -344738.
PLOAD4  1       511     -344738.
PLOAD4  1       512     -344738.
PLOAD4  1       513     -344738.
PLOAD4  1       514     -344738.
PLOAD4  1       515     -344738.
PLOAD4  1       516     -344738.
PLOAD4  1       517     -344738.
PLOAD4  1       518     -344738.
PLOAD4  1       519     -344738.
PLOAD4  1       520     -344738.
PLOAD4  1       521     -344738.
PLOAD4  1       522     -344738.
PLOAD4  1       523     -344738.
PLOAD4  1       524     -344738.
PLOAD4  1       525     -344738.
PLOAD4  1       526     -344738.
PLOAD4  1       527     -344738.
PLOAD4  1       528     -344738.
PLOAD4  1       529     -344738.
PLOAD4  1       530     -344738.
PLOAD4  1       531     -344738.
PLOAD4  1       532     -344738.
PLOAD4  1       533     -344738.
PLOAD4  1       534     -344738.
PLOAD4  1       535     -344738.
PLOAD4  1       536     -344738.
PLOAD4  1       537     -344738.
PLOAD4  1       538     -344738.
PLOAD4  1       539     -344738.
PLOAD4  1       540     -344738.
PLOAD4  1       541     -344738.
PLOAD4  1       542     -344738.
PLOAD4  1       543     -344738.
PLOAD4  1       544     -344738.
PLOAD4  1       545     -344738.
PLOAD4  1       546     -344738.
PLOAD4  1       547     -344738.
PLOAD4  1       548     -344738.
PLOAD4  1       863     -344738.
PLOAD4  1       864     -344738.
PLOAD4  1       865     -344738.
PLOAD4  1       866     -344738.
PLOAD4  1       867     -344738.
PLOAD4  1       868     -344738.
PLOAD4  1       869     -344738.
PLOAD4  1       870     -344738.
PLOAD4  1       871     -344738.
PLOAD4  1       872     -344738.
PLOAD4  1       873     -344738.
PLOAD4  1       874     -344738.
PLOAD4  1       875     -344738.
PLOAD4  1       876     -344738.
PLOAD4  1       877     -344738.
PLOAD4  1       878     -344738.
PLOAD4  1       879     -344738.
PLOAD4  1       880     -344738.
PLOAD4  1       881     -344738.
PLOAD4  1       882     -344738.
PLOAD4  1       1784    -344738.
PLOAD4  1       1785    -344738.
PLOAD4  1       1786    -344738.
PLOAD4  1       1787    -344738.
PLOAD4  1       1788    -344738.
PLOAD4  1       1789    -344738.
PLOAD4  1       1790    -344738.
PLOAD4  1       1791    -344738.
PLOAD4  1       1792    -344738.
PLOAD4  1       1793    -344738.
PLOAD4  1       1794    -344738.
PLOAD4  1       1795    -344738.
PLOAD4  1       1796    -344738.
PLOAD4  1       1797    -344738.
PLOAD4  1       1798    -344738.
PLOAD4  1       1799    -344738.
PLOAD4  1       1800    -344738.
PLOAD4  1       1801    -344738.
PLOAD4  1       1802    -344738.
PLOAD4  1       1803    -344738.
PLOAD4  1       1804    -344738.
PLOAD4  1       1805    -344738.
PLOAD4  1       1806    -344738.
PLOAD4  1       1807    -344738.
PLOAD4  1       1808    -344738.
PLOAD4  1       1809    -344738.
PLOAD4  1       1810    -344738.
PLOAD4  1       1811    -344738.
PLOAD4  1       1812    -344738.
PLOAD4  1       1813    -344738.
PLOAD4  1       1814    -344738.
PLOAD4  1       1815    -344738.
PLOAD4  1       1816    -344738.
PLOAD4  1       1817    -344738.
PLOAD4  1       1818    -344738.
PLOAD4  1       1819    -344738.
PLOAD4  1       1820    -344738.
PLOAD4  1       1821    -344738.
PLOAD4  1       1822    -344738.
PLOAD4  1       1823    -344738.
PLOAD4  1       1824    -344738.
PLOAD4  1       1825    -344738.
PLOAD4  1       1826    -344738.
PLOAD4  1       1827    -344738.
PLOAD4  1       1828    -344738.
PLOAD4  1       1829    -344738.
PLOAD4  1       1830    -344738.
PLOAD4  1       1831    -344738.
PLOAD4  1       1832    -344738.
PLOAD4  1       1833    -344738.
PLOAD4  1       1834    -344738.
PLOAD4  1       1835    -344738.
PLOAD4  1       1836    -344738.
PLOAD4  1       1837    -344738.
PLOAD4  1       1838    -344738.
PLOAD4  1       1839    -344738.
PLOAD4  1       1840    -344738.
PLOAD4  1       1841    -344738.
PLOAD4  1       1842    -344738.
PLOAD4  1       1843    -344738.
PLOAD4  1       1844    -344738.
PLOAD4  1       1845    -344738.
PLOAD4  1       1846    -344738.
PLOAD4  1       1847    -344738.
PLOAD4  1       1848    -344738.
PLOAD4  1       1849    -344738.
PLOAD4  1       1850    -344738.
PLOAD4  1       1851    -344738.
PLOAD4  1       1852    -344738.
PLOAD4  1       1853    -344738.
PLOAD4  1       1854    -344738.
PLOAD4  1       1855    -344738.
PLOAD4  1       1856    -344738.
PLOAD4  1       1857    -344738.
PLOAD4  1       1858    -344738.
PLOAD4  1       1859    -344738.
PLOAD4  1       1860    -344738.
PLOAD4  1       1861    -344738.
PLOAD4  1       1862    -344738.
PLOAD4  1       1863    -344738.
PLOAD4  1       1864    -344738.
PLOAD4  1       1865    -344738.
PLOAD4  1       1866    -344738.
PLOAD4  1       1867    -344738.
PLOAD4  1       1868    -344738.
PLOAD4  1       1869    -344738.
PLOAD4  1       1870    -344738.
PLOAD4  1       1871    -344738.
PLOAD4  1       1872    -344738.
PLOAD4  1       1873    -344738.
PLOAD4  1       1874    -344738.
PLOAD4  1       1875    -344738.
PLOAD4  1       1876    -344738.
PLOAD4  1       1877    -344738.
PLOAD4  1       1878    -344738.
PLOAD4  1       1879    -344738.
PLOAD4  1       1880    -344738.
PLOAD4  1       1881    -344738.
PLOAD4  1       1882    -344738.
PLOAD4  1       1883    -344738.
PLOAD4  1       1884    -344738.
PLOAD4  1       1885    -344738.
PLOAD4  1       1886    -344738.
PLOAD4  1       1887    -344738.
PLOAD4  1       1888    -344738.
PLOAD4  1       1889    -344738.
PLOAD4  1       1890    -344738.
PLOAD4  1       1891    -344738.
PLOAD4  1       1892    -344738.
PLOAD4  1       1893    -344738.
PLOAD4  1       1894    -344738.
PLOAD4  1       1895    -344738.
PLOAD4  1       1896    -344738.
PLOAD4  1       1897    -344738.
PLOAD4  1       1898    -344738.
PLOAD4  1       1899    -344738.
PLOAD4  1       1900    -344738.
PLOAD4  1       1901    -344738.
PLOAD4  1       1902    -344738.
PLOAD4  1       1903    -344738.
PLOAD4  1       1904    -344738.
PLOAD4  1       1905    -344738.
PLOAD4  1       1906    -344738.
PLOAD4  1       1907    -344738.
PLOAD4  1       1908    -344738.
PLOAD4  1       1909    -344738.
PLOAD4  1       1910    -344738.
PLOAD4  1       1911    -344738.
PLOAD4  1       1912    -344738.
PLOAD4  1       1913    -344738.
PLOAD4  1       1914    -344738.
PLOAD4  1       1915    -344738.
PLOAD4  1       1916    -344738.
PLOAD4  1       1917    -344738.
PLOAD4  1       1918    -344738.
PLOAD4  1       1919    -344738.
PLOAD4  1       1920    -344738.
PLOAD4  1       1921    -344738.
PLOAD4  1       1922    -344738.
PLOAD4  1       1923    -344738.
PLOAD4  1       1924    -344738.
PLOAD4  1       1925    -344738.
PLOAD4  1       1926    -344738.
PLOAD4  1       1927    -344738.
PLOAD4  1       1928    -344738.
PLOAD4  1       1929    -344738.
PLOAD4  1       1930    -344738.
PLOAD4  1       1931    -344738.
PLOAD4  1       1932    -344738.
PLOAD4  1       1933    -344738.
PLOAD4  1       1934    -344738.
PLOAD4  1       1935    -344738.
PLOAD4  1       1936    -344738.
PLOAD4  1       1937    -344738.
PLOAD4  1       1938    -344738.
PLOAD4  1       1939    -344738.
PLOAD4  1       1940    -344738.
PLOAD4  1       1941    -344738.
PLOAD4  1       1942    -344738.
PLOAD4  1       1943    -344738.
PLOAD4  1       1944    -344738.
PLOAD4  1       1945    -344738.
PLOAD4  1       1946    -344738.
PLOAD4  1       1947    -344738.
PLOAD4  1       1948    -344738.
PLOAD4  1       1949    -344738.
PLOAD4  1       1950    -344738.
PLOAD4  1       1951    -344738.
PLOAD4  1       1952    -344738.
PLOAD4  1       1953    -344738.
PLOAD4  1       1954    -344738.
PLOAD4  1       1955    -344738.
PLOAD4  1       1956    -344738.
PLOAD4  1       1957    -344738.
PLOAD4  1       1958    -344738.
PLOAD4  1       1959    -344738.
PLOAD4  1       1960    -344738.
PLOAD4  1       1961    -344738.
PLOAD4  1       1962    -344738.
PLOAD4  1       1963    -344738.
PLOAD4  1       1964    -344738.
PLOAD4  1       1965    -344738.
PLOAD4  1       1966    -344738.
PLOAD4  1       1967    -344738.
PLOAD4  1       1968    -344738.
PLOAD4  1       1969    -344738.
PLOAD4  1       1970    -344738.
PLOAD4  1       1971    -344738.
PLOAD4  1       1972    -344738.
PLOAD4  1       1973    -344738.
PLOAD4  1       1974    -344738.
PLOAD4  1       1975    -344738.
PLOAD4  1       1976    -344738.
PLOAD4  1       1977    -344738.
PLOAD4  1       1978    -344738.
PLOAD4  1       1979    -344738.
PLOAD4  1       1980    -344738.
PLOAD4  1       1981    -344738.
PLOAD4  1       1982    -344738.
PLOAD4  1       1983    -344738.
PLOAD4  1       1984    -344738.
PLOAD4  1       1985    -344738.
PLOAD4  1       1986    -344738.
PLOAD4  1       1987    -344738.
PLOAD4  1       1988    -344738.
PLOAD4  1       1989    -344738.
PLOAD4  1       1990    -344738.
PLOAD4  1       1991    -344738.
PLOAD4  1       1992    -344738.
PLOAD4  1       1993    -344738.
PLOAD4  1       1994    -344738.
PLOAD4  1       1995    -344738.
PLOAD4  1       1996    -344738.
PLOAD4  1       1997    -344738.
PLOAD4  1       1998    -344738.
PLOAD4  1       1999    -344738.
PLOAD4  1       2000    -344738.
PLOAD4  1       2001    -344738.
PLOAD4  1       2002    -344738.
PLOAD4  1       2003    -344738.
PLOAD4  1       2004    -344738.
PLOAD4  1       2005    -344738.
PLOAD4  1       2006    -344738.
PLOAD4  1       2007    -344738.
PLOAD4  1       2008    -344738.
PLOAD4  1       2009    -344738.
PLOAD4  1       2010    -344738.
PLOAD4  1       2011    -344738.
PLOAD4  1       2012    -344738.
PLOAD4  1       2013    -344738.
PLOAD4  1       2014    -344738.
PLOAD4  1       2015    -344738.
PLOAD4  1       2016    -344738.
PLOAD4  1       2017    -344738.
PLOAD4  1       2018    -344738.
PLOAD4  1       2019    -344738.
PLOAD4  1       2020    -344738.
PLOAD4  1       2021    -344738.
PLOAD4  1       2022    -344738.
PLOAD4  1       2023    -344738.
PLOAD4  1       2024    -344738.
PLOAD4  1       2025    -344738.
PLOAD4  1       2026    -344738.
PLOAD4  1       2027    -344738.
PLOAD4  1       2028    -344738.
PLOAD4  1       2029    -344738.
PLOAD4  1       2030    -344738.
PLOAD4  1       2031    -344738.
PLOAD4  1       2032    -344738.
PLOAD4  1       2033    -344738.
PLOAD4  1       2034    -344738.
PLOAD4  1       2035    -344738.
PLOAD4  1       2036    -344738.
PLOAD4  1       2037    -344738.
PLOAD4  1       2038    -344738.
PLOAD4  1       2039    -344738.
PLOAD4  1       2040    -344738.
PLOAD4  1       2041    -344738.
PLOAD4  1       2042    -344738.
PLOAD4  1       2043    -344738.
PLOAD4  1       2112    -344738.
PLOAD4  1       2113    -344738.
PLOAD4  1       2114    -344738.
PLOAD4  1       2115    -344738.
PLOAD4  1       2116    -344738.
PLOAD4  1       2117    -344738.
PLOAD4  1       2118    -344738.
PLOAD4  1       2119    -344738.
PLOAD4  1       2120    -344738.
PLOAD4  1       2121    -344738.
PLOAD4  1       2122    -344738.
PLOAD4  1       2123    -344738.
PLOAD4  1       2124    -344738.
PLOAD4  1       2125    -344738.
PLOAD4  1       2126    -344738.
PLOAD4  1       2127    -344738.
PLOAD4  1       2128    -344738.
PLOAD4  1       2129    -344738.
PLOAD4  1       2130    -344738.
PLOAD4  1       2131    -344738.


$ Propellant tank pressures for Domes.
PLOAD4  1       961     -344738.
PLOAD4  1       962     -344738.
PLOAD4  1       963     -344738.
PLOAD4  1       964     -344738.
PLOAD4  1       965     -344738.
PLOAD4  1       966     -344738.
PLOAD4  1       967     -344738.
PLOAD4  1       968     -344738.
PLOAD4  1       969     -344738.
PLOAD4  1       970     -344738.
PLOAD4  1       971     -344738.
PLOAD4  1       972     -344738.
PLOAD4  1       973     -344738.
PLOAD4  1       974     -344738.
PLOAD4  1       975     -344738.
PLOAD4  1       976     -344738.
PLOAD4  1       977     -344738.
PLOAD4  1       978     -344738.
PLOAD4  1       979     -344738.
PLOAD4  1       980     -344738.
PLOAD4  1       981     -344738.
PLOAD4  1       982     -344738.
PLOAD4  1       983     -344738.
PLOAD4  1       984     -344738.
PLOAD4  1       985     -344738.
PLOAD4  1       986     -344738.
PLOAD4  1       987     -344738.
PLOAD4  1       988     -344738.
PLOAD4  1       989     -344738.
PLOAD4  1       990     -344738.
PLOAD4  1       991     -344738.
PLOAD4  1       992     -344738.
PLOAD4  1       993     -344738.
PLOAD4  1       994     -344738.
PLOAD4  1       995     -344738.
PLOAD4  1       996     -344738.
PLOAD4  1       997     -344738.
PLOAD4  1       998     -344738.
PLOAD4  1       999     -344738.
PLOAD4  1       1000    -344738.
PLOAD4  1       1001    -344738.
PLOAD4  1       1002    -344738.
PLOAD4  1       1003    -344738.
PLOAD4  1       1004    -344738.
PLOAD4  1       1005    -344738.
PLOAD4  1       1006    -344738.
PLOAD4  1       1007    -344738.
PLOAD4  1       1008    -344738.
PLOAD4  1       1010    -344738.
PLOAD4  1       1011    -344738.
PLOAD4  1       1012    -344738.
PLOAD4  1       1013    -344738.
PLOAD4  1       1014    -344738.
PLOAD4  1       1015    -344738.
PLOAD4  1       1016    -344738.
PLOAD4  1       1017    -344738.
PLOAD4  1       1018    -344738.
PLOAD4  1       1019    -344738.
PLOAD4  1       1020    -344738.
PLOAD4  1       1021    -344738.
PLOAD4  1       1022    -344738.
PLOAD4  1       1023    -344738.
PLOAD4  1       1024    -344738.
PLOAD4  1       1025    -344738.
PLOAD4  1       1026    -344738.
PLOAD4  1       1027    -344738.
PLOAD4  1       1028    -344738.
PLOAD4  1       1029    -344738.
PLOAD4  1       1030    -344738.
PLOAD4  1       1031    -344738.
PLOAD4  1       1032    -344738.
PLOAD4  1       1033    -344738.
PLOAD4  1       1034    -344738.
PLOAD4  1       1035    -344738.
PLOAD4  1       1036    -344738.
PLOAD4  1       1037    -344738.
PLOAD4  1       1038    -344738.
PLOAD4  1       1039    -344738.
PLOAD4  1       1040    -344738.
PLOAD4  1       1041    -344738.
PLOAD4  1       1042    -344738.
PLOAD4  1       1043    -344738.
PLOAD4  1       1044    -344738.
PLOAD4  1       1045    -344738.
PLOAD4  1       1046    -344738.
PLOAD4  1       1047    -344738.
PLOAD4  1       1048    -344738.
PLOAD4  1       1049    -344738.
PLOAD4  1       1050    -344738.
PLOAD4  1       1051    -344738.
PLOAD4  1       1052    -344738.
PLOAD4  1       1053    -344738.
PLOAD4  1       1054    -344738.
PLOAD4  1       1055    -344738.
PLOAD4  1       1056    -344738.
PLOAD4  1       1057    -344738.
PLOAD4  1       1058    -344738.
PLOAD4  1       1059    -344738.
PLOAD4  1       1060    -344738.
PLOAD4  1       1061    -344738.
PLOAD4  1       1062    -344738.
PLOAD4  1       1063    -344738.
PLOAD4  1       1064    -344738.
PLOAD4  1       1065    -344738.
PLOAD4  1       1066    -344738.
PLOAD4  1       1067    -344738.
PLOAD4  1       1068    -344738.
PLOAD4  1       1069    -344738.
PLOAD4  1       1070    -344738.
PLOAD4  1       1071    -344738.
PLOAD4  1       1072    -344738.
PLOAD4  1       1073    -344738.
PLOAD4  1       1074    -344738.
PLOAD4  1       1075    -344738.
PLOAD4  1       1076    -344738.
PLOAD4  1       1077    -344738.
PLOAD4  1       1078    -344738.
PLOAD4  1       1079    -344738.
PLOAD4  1       1080    -344738.
PLOAD4  1       1081    -344738.
PLOAD4  1       1082    -344738.
PLOAD4  1       1083    -344738.
PLOAD4  1       1084    -344738.
PLOAD4  1       1085    -344738.
PLOAD4  1       1086    -344738.
PLOAD4  1       1087    -344738.
PLOAD4  1       1088    -344738.
PLOAD4  1       1089    -344738.
PLOAD4  1       1090    -344738.
PLOAD4  1       1091    -344738.
PLOAD4  1       1092    -344738.
PLOAD4  1       1093    -344738.
PLOAD4  1       1094    -344738.
PLOAD4  1       1095    -344738.
PLOAD4  1       1096    -344738.
PLOAD4  1       1097    -344738.
PLOAD4  1       1098    -344738.
PLOAD4  1       1099    -344738.
PLOAD4  1       1100    -344738.
PLOAD4  1       1101    -344738.
PLOAD4  1       1102    -344738.
PLOAD4  1       1103    -344738.
PLOAD4  1       1104    -344738.
PLOAD4  1       1105    -344738.
PLOAD4  1       1106    -344738.
PLOAD4  1       1107    -344738.
PLOAD4  1       1108    -344738.
PLOAD4  1       1109    -344738.
PLOAD4  1       1110    -344738.
PLOAD4  1       1111    -344738.
PLOAD4  1       1112    -344738.
PLOAD4  1       1113    -344738.
PLOAD4  1       1114    -344738.
PLOAD4  1       1115    -344738.
PLOAD4  1       1116    -344738.
PLOAD4  1       1117    -344738.
PLOAD4  1       1118    -344738.
PLOAD4  1       1119    -344738.
PLOAD4  1       1120    -344738.
PLOAD4  1       1121    -344738.
PLOAD4  1       1122    -344738.
PLOAD4  1       1123    -344738.
PLOAD4  1       1124    -344738.
PLOAD4  1       1125    -344738.
PLOAD4  1       1126    -344738.
PLOAD4  1       1127    -344738.
PLOAD4  1       1128    -344738.
PLOAD4  1       1129    -344738.
PLOAD4  1       1130    -344738.
PLOAD4  1       1131    -344738.
PLOAD4  1       1132    -344738.
PLOAD4  1       1133    -344738.
PLOAD4  1       1134    -344738.
PLOAD4  1       1135    -344738.
PLOAD4  1       2562    -344738.
PLOAD4  1       2563    -344738.
PLOAD4  1       2564    -344738.
PLOAD4  1       2565    -344738.
PLOAD4  1       2566    -344738.
PLOAD4  1       2567    -344738.
PLOAD4  1       2568    -344738.
PLOAD4  1       2569    -344738.
PLOAD4  1       2570    -344738.
PLOAD4  1       2571    -344738.
PLOAD4  1       2572    -344738.
PLOAD4  1       2573    -344738.
PLOAD4  1       2574    -344738.
PLOAD4  1       2575    -344738.
PLOAD4  1       2576    -344738.
PLOAD4  1       2577    -344738.
PLOAD4  1       2578    -344738.
PLOAD4  1       2579    -344738.
PLOAD4  1       2580    -344738.
PLOAD4  1       2581    -344738.
PLOAD4  1       2582    -344738.
PLOAD4  1       2583    -344738.
PLOAD4  1       2584    -344738.
PLOAD4  1       2585    -344738.
PLOAD4  1       2586    -344738.
PLOAD4  1       2587    -344738.
PLOAD4  1       2588    -344738.
PLOAD4  1       2589    -344738.
PLOAD4  1       2590    -344738.
PLOAD4  1       2591    -344738.
PLOAD4  1       2592    -344738.
PLOAD4  1       2593    -344738.
PLOAD4  1       2594    -344738.
PLOAD4  1       2595    -344738.
PLOAD4  1       2596    -344738.
PLOAD4  1       2597    -344738.
PLOAD4  1       2598    -344738.
PLOAD4  1       2599    -344738.
PLOAD4  1       2600    -344738.
PLOAD4  1       2601    -344738.
PLOAD4  1       2602    -344738.
PLOAD4  1       2603    -344738.
PLOAD4  1       2604    -344738.
PLOAD4  1       2605    -344738.
PLOAD4  1       2606    -344738.
PLOAD4  1       2607    -344738.
PLOAD4  1       2608    -344738.
PLOAD4  1       2609    -344738.
PLOAD4  1       2610    -344738.
PLOAD4  1       2611    -344738.
PLOAD4  1       2612    -344738.
PLOAD4  1       2613    -344738.
PLOAD4  1       2614    -344738.
PLOAD4  1       2615    -344738.
PLOAD4  1       2616    -344738.
PLOAD4  1       2617    -344738.
PLOAD4  1       2618    -344738.
PLOAD4  1       2619    -344738.
PLOAD4  1       2620    -344738.
PLOAD4  1       2621    -344738.
PLOAD4  1       2622    -344738.
PLOAD4  1       2623    -344738.
PLOAD4  1       2624    -344738.
PLOAD4  1       2625    -344738.
PLOAD4  1       2626    -344738.
PLOAD4  1       2627    -344738.
PLOAD4  1       2628    -344738.
PLOAD4  1       2629    -344738.
PLOAD4  1       2630    -344738.
PLOAD4  1       2631    -344738.
PLOAD4  1       2632    -344738.
PLOAD4  1       2633    -344738.
PLOAD4  1       2634    -344738.
PLOAD4  1       2635    -344738.
PLOAD4  1       2636    -344738.
PLOAD4  1       2637    -344738.
PLOAD4  1       2638    -344738.
PLOAD4  1       2639    -344738.
PLOAD4  1       2640    -344738.
PLOAD4  1       2641    -344738.
PLOAD4  1       2642    -344738.
PLOAD4  1       2643    -344738.
PLOAD4  1       2644    -344738.
PLOAD4  1       2645    -344738.
PLOAD4  1       2646    -344738.
PLOAD4  1       2647    -344738.
PLOAD4  1       2648    -344738.
PLOAD4  1       2649    -344738.
PLOAD4  1       2650    -344738.
PLOAD4  1       2651    -344738.
PLOAD4  1       2652    -344738.
PLOAD4  1       2653    -344738.
PLOAD4  1       2654    -344738.
PLOAD4  1       2655    -344738.
PLOAD4  1       2656    -344738.
PLOAD4  1       2657    -344738.
PLOAD4  1       2658    -344738.
PLOAD4  1       2659    -344738.
PLOAD4  1       2660    -344738.
PLOAD4  1       2661    -344738.
PLOAD4  1       2662    -344738.
PLOAD4  1       2663    -344738.
PLOAD4  1       2664    -344738.
PLOAD4  1       2665    -344738.
PLOAD4  1       2666    -344738.
PLOAD4  1       2667    -344738.
PLOAD4  1       2668    -344738.
PLOAD4  1       2669    -344738.
PLOAD4  1       2670    -344738.
PLOAD4  1       2671    -344738.
PLOAD4  1       2672    -344738.
PLOAD4  1       2673    -344738.
PLOAD4  1       2674    -344738.
PLOAD4  1       2675    -344738.
PLOAD4  1       2676    -344738.
PLOAD4  1       2677    -344738.
PLOAD4  1       2678    -344738.
PLOAD4  1       2679    -344738.
PLOAD4  1       2680    -344738.
PLOAD4  1       2758    -344738.
PLOAD4  1       2759    -344738.
PLOAD4  1       2760    -344738.
PLOAD4  1       2761    -344738.
PLOAD4  1       2762    -344738.
PLOAD4  1       2763    -344738.
PLOAD4  1       2764    -344738.
PLOAD4  1       2765    -344738.
PLOAD4  1       2766    -344738.
PLOAD4  1       2767    -344738.
PLOAD4  1       2768    -344738.
PLOAD4  1       2769    -344738.
PLOAD4  1       2770    -344738.
PLOAD4  1       2771    -344738.
PLOAD4  1       2772    -344738.
PLOAD4  1       2773    -344738.
PLOAD4  1       2774    -344738.
PLOAD4  1       2775    -344738.
PLOAD4  1       2776    -344738.
PLOAD4  1       2777    -344738.
PLOAD4  1       2778    -344738.
PLOAD4  1       2779    -344738.
PLOAD4  1       2780    -344738.
PLOAD4  1       2781    -344738.
PLOAD4  1       2782    -344738.
PLOAD4  1       2783    -344738.
PLOAD4  1       2784    -344738.
PLOAD4  1       2785    -344738.
PLOAD4  1       2786    -344738.
PLOAD4  1       2787    -344738.
PLOAD4  1       2788    -344738.
PLOAD4  1       2789    -344738.
PLOAD4  1       2790    -344738.
PLOAD4  1       2791    -344738.
PLOAD4  1       2792    -344738.
PLOAD4  1       2793    -344738.
PLOAD4  1       2794    -344738.
PLOAD4  1       2795    -344738.
PLOAD4  1       2796    -344738.
PLOAD4  1       2797    -344738.
PLOAD4  1       2798    -344738.
PLOAD4  1       2799    -344738.
PLOAD4  1       2800    -344738.
PLOAD4  1       2801    -344738.
PLOAD4  1       2802    -344738.
PLOAD4  1       2803    -344738.
PLOAD4  1       2804    -344738.
PLOAD4  1       2805    -344738.
PLOAD4  1       2806    -344738.
PLOAD4  1       2807    -344738.
PLOAD4  1       2808    -344738.
PLOAD4  1       2809    -344738.
PLOAD4  1       2810    -344738.
PLOAD4  1       2811    -344738.
PLOAD4  1       2812    -344738.

$ Propellant tank pressure negative on common dome
PLOAD4  1       1026    -3.4538
PLOAD4  1       1027    -3.4538
PLOAD4  1       1028    -3.4538
PLOAD4  1       1029    -3.4538
PLOAD4  1       1030    -3.4538
PLOAD4  1       1031    -3.4538
PLOAD4  1       1032    -3.4538
PLOAD4  1       1033    -3.4538
PLOAD4  1       1034    -3.4538
PLOAD4  1       1035    -3.4538
PLOAD4  1       1036    -3.4538
PLOAD4  1       1037    -3.4538
PLOAD4  1       1038    -3.4538
PLOAD4  1       1039    -3.4538
PLOAD4  1       1040    -3.4538
PLOAD4  1       1041    -3.4538
PLOAD4  1       1042    -3.4538
PLOAD4  1       1043    -3.4538
PLOAD4  1       1044    -3.4538
PLOAD4  1       1045    -3.4538
PLOAD4  1       1046    -3.4538
PLOAD4  1       1047    -3.4538
PLOAD4  1       1048    -3.4538
PLOAD4  1       1049    -3.4538
PLOAD4  1       1050    -3.4538
PLOAD4  1       1051    -3.4538
PLOAD4  1       1052    -3.4538
PLOAD4  1       1053    -3.4538
PLOAD4  1       1054    -3.4538
PLOAD4  1       1055    -3.4538
PLOAD4  1       1056    -3.4538
PLOAD4  1       1057    -3.4538
PLOAD4  1       1058    -3.4538
PLOAD4  1       1059    -3.4538
PLOAD4  1       1060    -3.4538
PLOAD4  1       1061    -3.4538
PLOAD4  1       1062    -3.4538
PLOAD4  1       1063    -3.4538
PLOAD4  1       1064    -3.4538
PLOAD4  1       1065    -3.4538
PLOAD4  1       1066    -3.4538
PLOAD4  1       1067    -3.4538
PLOAD4  1       1068    -3.4538
PLOAD4  1       1069    -3.4538
PLOAD4  1       1070    -3.4538
PLOAD4  1       1071    -3.4538
PLOAD4  1       1072    -3.4538
PLOAD4  1       1073    -3.4538
PLOAD4  1       1074    -3.4538
PLOAD4  1       1075    -3.4538
PLOAD4  1       1076    -3.4538
PLOAD4  1       1077    -3.4538
PLOAD4  1       1078    -3.4538
PLOAD4  1       1079    -3.4538
PLOAD4  1       1080    -3.4538
PLOAD4  1       2562    -3.4538
PLOAD4  1       2563    -3.4538
PLOAD4  1       2564    -3.4538
PLOAD4  1       2565    -3.4538
PLOAD4  1       2566    -3.4538
PLOAD4  1       2567    -3.4538
PLOAD4  1       2568    -3.4538
PLOAD4  1       2569    -3.4538
PLOAD4  1       2570    -3.4538
PLOAD4  1       2571    -3.4538
PLOAD4  1       2572    -3.4538
PLOAD4  1       2573    -3.4538
PLOAD4  1       2574    -3.4538
PLOAD4  1       2575    -3.4538
PLOAD4  1       2576    -3.4538
PLOAD4  1       2577    -3.4538
PLOAD4  1       2578    -3.4538
PLOAD4  1       2579    -3.4538
PLOAD4  1       2580    -3.4538
PLOAD4  1       2581    -3.4538
PLOAD4  1       2582    -3.4538
PLOAD4  1       2583    -3.4538
PLOAD4  1       2584    -3.4538
PLOAD4  1       2585    -3.4538
PLOAD4  1       2586    -3.4538
PLOAD4  1       2587    -3.4538
PLOAD4  1       2588    -3.4538
PLOAD4  1       2589    -3.4538
PLOAD4  1       2590    -3.4538
PLOAD4  1       2591    -3.4538
PLOAD4  1       2592    -3.4538
PLOAD4  1       2593    -3.4538
PLOAD4  1       2594    -3.4538
PLOAD4  1       2595    -3.4538
PLOAD4  1       2596    -3.4538
PLOAD4  1       2597    -3.4538
PLOAD4  1       2598    -3.4538
PLOAD4  1       2599    -3.4538
PLOAD4  1       2600    -3.4538
PLOAD4  1       2601    -3.4538
PLOAD4  1       2602    -3.4538
PLOAD4  1       2603    -3.4538
PLOAD4  1       2604    -3.4538
PLOAD4  1       2605    -3.4538
PLOAD4  1       2606    -3.4538
PLOAD4  1       2607    -3.4538
PLOAD4  1       2608    -3.4538
PLOAD4  1       2609    -3.4538
PLOAD4  1       2610    -3.4538
PLOAD4  1       2611    -3.4538
PLOAD4  1       2612    -3.4538
PLOAD4  1       2613    -3.4538
PLOAD4  1       2614    -3.4538
PLOAD4  1       2615    -3.4538
PLOAD4  1       2616    -3.4538